Number of airports: 7698

Airport ID Traversal:
1
3
4
2
5
5431
5434
5433
6
5425
5421
5424
5430
5423
5435
5436
3320
5422
5419
4206
5420
3322
3940
4074
3077
5428
5429
2397
1960
2279
3316
3361
5437
3341
2006
3355
3999
3484
3339
3351
3330
3670
2276
3370
4217
2188
6289
3329
3728
3336
6242
3337
3326
4320
3328
3930
3304
5908
1997
2009
6255
2011
3359
2042
2030
4076
6324
7128
3319
4218
4319
6238
3323
3990
6269
4052
3324
3345
6285
6301
2005
3349
6320
3885
1969
5432
2423
4200
6012
2400
4140
2425
4201
4090
2402
6974
2429
2430
4203
2426
4204
2401
2433
2372
6016
2422
4199
2404
6270
6316
3992
3321
3318
6237
6260
6319
6286
6281
6309
3331
4010
6272
2246
3374
3157
3896
3924
3275
2359
3898
3916
3917
8401
3289
3901
3928
3243
6204
3240
3903
3894
3913
3927
3406
3919
3269
3310
5404
6758
5407
5412
7617
5409
5417
5411
7618
5418
7616
5414
5415
5410
5416
3395
6361
6357
2997
3093
3494
3797
3830
3469
156
193
2268
1382
421
507
3076
3272
3393
3404
3386
3364
3368
3376
2264
2270
580
3131
3043
3375
2370
3931
3371
2287
3196
4029
11051
1555
3385
340
2305
4120
3199
2179
3179
813
2927
3382
3372
3144
3156
1524
3387
3942
3388
2384
3308
2082
3205
3391
4030
3390
3177
2934
6392
3379
3383
6354
4144
4302
1107
2307
3394
3373
3369
4149
3400
3034
3035
3239
2908
346
1678
1590
6386
6391
893
3380
3389
7898
4085
3384
4033
6383
4108
6390
3392
6393
3125
4078
2985
1701
6019
2399
6024
8076
6026
6021
6733
4202
3121
2409
3994
6022
6018
2057
6023
2064
6025
2072
2256
3266
2252
5869
5874
5877
1961
5878
1963
1965
5875
1968
3448
2334
3731
178
2244
1824
1847
1551
2330
4380
3682
3645
3858
3720
3577
2326
2322
2333
2310
2337
2983
2933
4075
345
3751
3714
3550
4381
2347
3748
1613
609
3024
3298
3263
3305
3307
3174
3302
3299
3408
3250
3273
3929
3152
4013
3135
3136
3153
3066
3120
2994
1218
3181
3332
4291
3325
2650
1959
3333
4062
3356
3358
6300
3362
3363
6241
6249
6271
6287
6294
6298
6302
6307
6793
6317
6794
3346
6311
6318
6312
6256
6253
4051
6303
6334
2037
2012
2015
2018
2017
4095
2023
2024
2028
2029
2031
2034
2007
2047
2041
2045
5884
3347
6297
6296
3877
4019
3774
3673
3825
3690
3876
3759
3520
3559
4099
3687
1804
2564
3585
3514
3602
2789
1229
3878
4101
3576
7081
3948
3456
3863
3722
3752
3462
3570
4103
3626
3807
3784
1840
3536
3817
3678
6992
3636
4356
49
87
146
1852
1807
1826
1836
1856
1858
1817
3861
1767
1892
3533
1871
1815
1957
3488
3467
1881
3458
3473
3453
1885
3646
737
3849
3566
3747
3717
3862
3621
3777
7579
7001
3558
3495
4088
3486
3819
1801
3457
3415
3839
3949
5768
5772
3596
2988
1785
1821
1835
1855
7122
3446
7121
6264
6338
6278
6235
9090
9905
6266
6268
3348
6314
7577
6310
3353
6337
3988
3718
3700
3852
3840
3811
4037
2709
3612
3738
3846
3561
2851
3578
3806
4043
3715
4049
3719
3744
1797
1800
3627
4285
3713
3729
4018
4292
4009
3437
4041
3497
3465
2560
4063
4038
5740
3775
3685
4008
4034
4113
3580
3712
4354
4256
3829
3513
4017
3493
3697
3660
3691
3652
1780
3826
4115
4050
4072
3732
3782
3459
1825
1953
3454
3734
3611
1831
4046
1754
3564
1838
4087
3608
3736
3793
1774
3613
4014
4348
3609
3708
2890
1842
3867
4336
3680
3698
1845
3855
3770
3848
3676
3873
3515
6347
2299
6345
2288
2327
6387
2387
2308
2324
3399
6353
5994
3378
6346
1128
4109
6397
6398
6384
6380
4301
6385
6399
6403
4110
6430
7506
6427
9849
9025
6351
6352
6343
6375
7503
8407
7519
7508
8781
6381
6944
9843
6379
4148
6356
6400
6401
4059
6359
6963
6360
6394
8876
9846
8082
4145
6388
6341
6376
4330
4119
2050
1157
3143
210
3137
3007
3069
3074
1121
951
248
2170
3941
2177
4130
469
2234
1074
797
1177
1084
599
799
1187
3989
534
1665
342
2223
2939
2206
1175
2176
1197
2948
502
2207
1638
273
907
1335
478
2194
2074
1606
1354
521
2219
1587
3980
994
6776
287
679
2110
2134
2106
5934
4331
2157
2162
2167
2166
2051
2059
2976
1739
2979
2067
3964
2912
2922
2069
3410
6105
5952
1173
2960
3105
2962
2214
7490
1657
5702
2964
4317
1737
2195
3973
2090
2089
2967
2096
2104
2121
3977
3974
1122
2180
8961
2993
2975
1165
1145
4374
2109
3851
3705
1970
3796
2249
6267
6414
3402
2340
2345
2381
2313
2312
2296
5996
3296
3294
3262
3303
3270
8807
3267
4141
3271
4000
3377
5904
5898
5903
5905
5894
5899
6771
5906
5916
5896
5918
5902
5901
5900
5912
4242
5909
5910
5897
5911
2014
2025
2035
2046
6325
6322
6248
6262
6276
3115
644
3222
3932
6173
3040
918
3163
6949
4135
3939
3183
3118
2937
302
3938
3937
2378
6013
6304
2243
2254
2258
6382
9107
6395
8845
4133
4300
3936
3186
6186
4131
3933
3170
3164
4132
3184
3182
3180
3173
3908
3256
3288
3287
3244
3905
3911
3249
3284
3904
6223
3906
3253
3910
3890
3920
2311
3943
2275
2290
2286
2316
2341
2328
2332
2346
2284
2336
2352
5998
11922
2298
3409
2356
6000
2291
6001
2335
2294
2390
3914
3241
3247
3261
9887
3254
3251
3260
6225
2281
6355
6433
6411
6413
9844
6412
6429
6348
6006
6344
6743
4189
6366
8949
6209
6222
3268
6219
4056
9310
6434
3381
4097
6402
6435
3396
7862
6404
6396
3397
6407
6368
6409
4054
8921
3042
3001
3008
3089
3100
3098
3015
3061
3112
3063
2999
3002
3003
5711
2996
3097
3017
3019
3020
3023
3018
3079
3094
3080
3010
3084
2191
3081
6168
3009
3022
2048
3057
3092
6741
3104
6760
3101
3085
3103
3146
1386
1764
16
3864
465
535
603
350
351
144
1636
2874
2895
4069
2896
2885
3711
3820
1926
3947
4011
1761
2902
1760
3641
3622
1772
1762
2883
2899
3745
2894
73
100
111
117
189
1948
2673
503
1897
2745
5810
2875
3644
2714
1779
3582
1759
2889
4067
4304
2882
2901
636
3953
5726
4042
5718
3838
4039
4015
4045
4388
4089
3653
3589
4044
3542
3675
4048
3753
4040
4023
79
120
160
174
3524
4355
4047
4007
4286
4020
4112
5732
3598
5735
3946
3843
3544
3543
4128
5754
4117
4016
4359
4318
4271
166
184
3502
4384
5727
3710
5750
3816
5757
6133
4098
176
6738
5457
30
5523
119
162
164
200
8223
5545
48
78
127
33
34
90
108
168
172
173
179
181
198
1901
1941
1909
1910
1918
1923
21
45
56
61
113
121
126
133
135
143
177
182
199
1904
1633
2259
2272
2278
1452
1472
1486
253
260
532
1230
1403
1216
1044
608
1538
1264
353
2531
1423
1489
883
888
1330
4162
1322
245
897
552
1020
1563
1528
687
352
970
298
1529
1569
629
1359
1353
1561
999
280
1094
4161
1418
347
246
886
1274
1072
1415
1063
1194
666
1273
1526
1250
1246
1550
1208
1059
220
221
231
1509
1512
2954
293
286
596
348
295
1706
6152
1214
1243
1520
680
523
517
3959
1132
1200
1206
1582
1103
2878
1054
2881
1102
499
1602
1064
1324
1321
1280
1501
490
669
491
492
1075
1056
916
5674
1106
1741
1743
1626
438
1688
738
8266
428
429
430
433
437
432
435
439
442
743
446
453
455
416
460
415
458
462
6111
1212
1191
1474
3998
668
448
344
467
1738
1562
591
1080
1225
1468
1479
1220
2910
1205
6176
3068
3071
3073
3072
3155
6367
6378
6342
6772
9848
4308
6008
8043
9845
3366
6349
8630
6955
6350
8826
6954
10160
8417
2923
2938
6358
5673
1435
1005
1180
2688
628
630
488
515
638
522
547
665
664
533
495
1055
4315
1460
1715
4091
1051
1222
1610
1450
1458
1454
1198
1470
1476
1053
1508
1253
1488
1455
1456
1213
1469
7447
1448
4357
2897
742
2773
4167
711
1696
1691
498
1676
508
548
337
3000
7774
3134
3050
3038
3039
3055
6174
6172
6007
6003
2361
2365
2374
6005
2380
4086
4159
5999
2280
2344
6187
6189
4153
6188
6194
6195
2990
6969
6160
2966
2980
6156
6149
6153
6150
6485
2981
2925
6092
4363
6147
2920
6162
6125
6122
6141
2961
6114
6165
6166
7003
6159
2987
1735
3971
6734
2914
4367
2911
7563
6148
6151
6154
6146
2958
2913
2947
6164
2991
4353
2955
2965
2956
2936
2968
4274
2935
2957
2952
2972
6119
4352
4364
6143
6124
2973
1203
2917
8740
2974
2942
2963
4111
4297
2992
6086
1196
4166
8775
6089
8774
3965
1546
2926
2941
2940
6098
2930
6138
1130
2944
4375
6083
1584
2932
4057
4365
6137
7863
1682
4309
1506
1536
1519
1655
1514
1190
1545
1905
1517
675
8832
2945
5557
2610
2621
1226
1186
1742
338
382
341
1609
410
671
1611
674
1612
1209
4105
1473
1231
2304
2297
3201
6192
3204
4158
6193
6191
4157
4154
5954
2222
3161
827
906
838
1004
879
877
881
880
1038
910
1013
804
800
979
984
974
794
1001
811
815
1016
5604
1018
887
840
985
845
843
849
988
865
866
990
6778
976
6377
7505
7527
3142
11257
6183
8892
4235
6185
1903
2559
2388
3975
2061
5925
2076
2062
5924
2075
2066
2060
2084
2081
2086
2093
8381
2068
5691
8235
7453
3116
4156
6190
4155
7504
9311
6365
11473
7987
6363
6432
1109
1119
1110
1111
1112
264
1114
1113
7417
1116
1118
891
1117
6744
6410
8979
6943
4093
3235
3213
3209
3236
6197
3215
3217
3224
3237
6085
6088
2918
6084
4358
1558
373
1462
1459
1652
371
772
1658
1646
1663
4197
5794
1675
1594
8209
917
894
6795
6374
7470
7558
6371
6373
6372
6180
6179
3129
3122
4188
6182
3127
4183
4362
2949
2989
1579
6933
2969
1685
1722
5780
1724
1721
9044
1689
1692
1726
1154
5800
5799
2172
1729
9272
1651
1699
1723
9043
5801
270
5798
9273
2114
5796
9045
6753
6782
1693
2053
6090
3987
1728
1694
3976
2095
2164
6747
5936
2123
2131
3967
1136
6220
6215
6769
3264
6217
3265
6216
4077
5867
5873
5883
5885
3517
3701
4025
4278
5749
4265
6456
4026
5767
5770
3857
3771
3528
3689
85
112
116
122
167
196
31
70
175
1783
1794
1796
1789
1795
1793
1792
1786
1816
1819
1822
1829
1839
1848
1846
1854
1853
1808
1798
5837
1814
1813
1818
1820
1828
1830
1834
1837
1810
1851
1802
585
1399
1510
1511
6958
3754
4335
5756
5759
5773
5715
3658
5725
4255
3950
3739
7669
3730
3875
5738
3472
4273
3845
3671
4386
3633
4116
5776
1863
1776
3447
5720
4129
3463
5729
4276
6800
5762
3661
3859
5714
4021
4083
4287
6957
7064
4127
3442
3880
3650
3504
6837
3535
3659
3498
4216
5765
5721
6883
3808
5719
6916
3832
3492
3945
3944
5779
8782
2657
5889
5890
1989
1977
1979
1991
1980
1994
1981
1992
1985
1987
1984
1993
1995
1990
6926
1971
7456
1975
1986
1972
1978
481
7821
7073
6962
7066
3804
5733
7067
3743
5761
4341
4124
4344
3872
4250
4296
7051
4339
4100
4027
5746
6880
3527
5766
4064
5723
4338
5748
7068
6881
5769
6739
5751
3694
5724
5730
4169
4284
7062
5775
3749
3560
5997
4322
1746
1679
619
618
612
9
625
607
645
3958
651
9229
6169
3300
9888
9889
3886
3130
6184
4142
4143
4081
1050
1057
1525
1367
1553
304
1066
699
537
657
1251
1539
1247
8414
1242
1223
6756
6757
1238
1219
2656
2649
2651
2816
2665
2442
2645
4312
2662
2664
2647
2641
2699
2642
2443
2452
2658
2667
1958
5861
5862
5865
5864
6792
6265
6295
1850
6505
4028
3805
3597
7584
3531
5967
3599
3610
3628
3664
6718
7088
3865
5959
3794
3571
3854
3460
5965
3615
3693
3620
6742
3426
3428
3429
5716
3704
3879
8314
5742
5753
6959
3642
3681
2535
7380
2613
2635
2633
6039
2525
2548
2538
2537
2545
2562
2569
2570
2595
2528
2599
2612
2551
2522
2526
4209
2555
2554
2575
2581
2590
2586
2597
2440
2616
2623
2638
2771
4305
2576
2619
6034
2602
2759
2786
2812
6067
2781
2806
2802
2762
2715
2785
6066
2801
2792
2808
2809
2796
2807
2804
2787
2788
9768
1234
1276
1227
1058
5781
1930
6426
5747
2821
1943
2848
2891
2884
2710
1925
4012
3445
3545
4006
3584
4261
7078
4022
3824
7074
5736
5760
4263
7076
3591
5728
5744
6825
5758
3665
5774
99
7266
72
136
62
5496
149
154
27
28
153
192
202
5538
1956
161
1441
5514
4024
1937
1944
1934
2705
3630
2749
2708
2713
2739
2868
8227
4279
7056
7657
5848
5844
3461
5771
5741
3696
1865
6945
5847
1887
6731
1879
1884
6732
5842
1889
1867
715
709
688
718
5595
719
722
746
729
724
734
708
728
5597
707
5593
685
721
726
663
714
5594
703
698
7054
5722
5734
4058
7059
4114
8428
6140
4368
3972
6103
2931
6142
6466
6157
6315
2513
4061
2471
2490
2497
2726
2752
2712
2717
2729
2719
2725
2732
2738
6054
2742
2706
7355
2747
2750
2751
2753
7359
2756
2718
6055
2724
2728
2731
2733
2734
2741
2746
2748
2755
2822
2849
2856
2870
2850
2861
6072
2824
2844
2852
2835
2833
2846
2853
2864
2858
3617
2578
2618
5857
1950
1946
1951
1932
5859
1949
1952
5807
1895
1755
1771
2900
6814
2903
2888
6079
6080
6788
2877
6460
3881
10940
10941
3398
6946
6406
6408
9386
6752
11498
5687
1138
1140
5694
1143
1120
912
915
1149
1183
5688
7457
5697
1153
1152
5699
1162
5696
234
209
5552
235
211
5555
1320
237
238
224
239
233
243
6492
222
240
225
230
216
5937
946
5630
960
952
5633
948
959
953
949
958
973
957
5632
944
5556
249
1062
251
252
1480
1446
1451
4191
4192
4194
1475
5787
4190
1464
1465
4193
4195
1482
1453
1463
520
600
605
1745
5591
3956
468
1236
1534
1078
5672
1070
5665
1077
1079
5670
1065
9824
820
1176
9829
1182
1082
1081
5577
514
494
601
1356
1352
9327
3986
355
6493
1289
676
1376
7450
5709
538
5575
5563
536
529
530
541
542
349
2221
2227
5939
5940
2204
5949
6106
2202
5941
5942
2203
2212
2217
5951
6768
1169
5701
6940
339
1637
1309
1628
1634
1617
1629
275
262
263
268
269
6730
6972
9826
5612
9828
908
5613
1412
1268
1270
1409
1371
1360
1515
2192
691
1323
5943
3979
3978
995
291
296
290
5562
5933
2097
2165
6790
5932
2151
5935
2142
2136
7546
1649
1656
1659
1662
1567
1252
1350
5802
2103
3984
5686
2189
4377
4373
6139
1166
6121
2251
3334
2295
5893
5895
5914
5915
5917
6258
6333
6243
6245
9904
660
632
640
635
641
649
658
655
642
647
634
643
4345
656
5585
5586
662
927
923
937
929
922
930
920
933
943
921
932
8944
6924
9026
6118
6780
2255
11258
6212
3257
3242
3258
3246
9898
3245
3282
2262
3259
7894
6218
7932
3012
1262
1344
1278
1285
1416
1417
2774
1438
5671
1279
1313
8
3546
3724
531
4198
356
582
1374
2893
5811
4314
2907
2898
4249
125
188
36
55
80
63
65
71
6775
24
77
6045
2671
6047
2672
6046
2678
299
1408
4306
659
5737
132
187
5524
115
5527
58
5497
5529
141
7275
180
109
1908
5479
67
169
190
5491
105
5533
91
1625
1639
309
586
4196
247
266
267
276
277
610
733
7373
7367
7376
2584
4214
2572
2607
2609
2604
7375
393
890
901
898
1265
4347
11230
1031
1042
1037
1026
1043
5652
5653
739
1505
374
900
1097
967
519
362
1425
4160
1202
5553
1405
1052
2879
1105
1361
1439
1654
1490
1104
5675
400
693
6737
5596
413
8924
364
310
7459
2916
6093
6094
6095
1147
2670
2690
2683
10792
2697
2680
5574
652
5582
5581
5583
497
441
3790
3674
5763
540
1588
1193
1531
6109
11436
6781
6784
2556
7407
2582
6036
2631
2577
5643
5641
986
5637
977
5680
3223
3232
1461
1605
1596
6370
6110
4371
4369
5931
5930
5928
6748
6749
2117
7547
5927
3968
1127
3624
32
37
69
155
183
60
7277
5463
5526
5511
4237
6130
5832
6989
7070
5739
3604
7071
7065
7018
7146
3856
5969
7205
7148
6712
7105
3417
7116
3420
7246
7115
7236
3764
6722
6839
7107
7208
7242
4147
6803
7136
5960
7142
5963
7135
5961
5892
5891
1983
5777
3491
4219
3995
3997
5447
5443
7
3030
5659
1645
1647
9774
6777
2508
2439
2441
2454
2501
2517
2487
2455
2488
2470
2458
2477
2467
2509
2474
2469
2495
2496
8914
2512
2456
2476
2460
2461
2491
2492
579
9543
7162
7160
7091
5962
5964
7098
7090
7240
7093
7201
7206
7095
7097
8199
9739
6960
7096
9744
3430
6716
7213
7094
8200
5968
6720
7209
7087
7207
5966
7190
7192
7191
7158
7159
7154
6763
7157
6766
7220
6714
7092
3414
7202
6765
7203
7214
3423
7184
6715
7185
7183
6723
6724
7186
7187
7188
7194
7177
7178
6755
7179
6719
7180
7181
7117
7182
6725
3413
3411
2524
2637
6073
9771
7382
2544
7532
8180
2587
2547
8244
7383
2539
7364
6735
7395
8237
2615
2603
6040
2596
6477
6069
2543
6037
7399
2533
7398
7372
4092
2628
2624
2566
2591
2629
7370
2541
7384
2767
2768
2769
2761
2764
4247
7317
7313
2722
2716
2854
6727
5520
5515
5472
5512
5481
5508
6728
5507
7255
94
106
5550
5501
2743
1869
1866
730
5599
731
631
646
4325
653
4252
5588
4328
2711
6053
6051
6740
6052
2830
2860
2521
8242
4215
8238
6038
2550
7394
5809
1773
4125
1144
5703
5554
244
236
472
5564
5569
5566
5567
5568
5571
2233
5793
1627
1277
2257
6321
6329
6240
4327
5580
4349
5584
5587
5589
924
5440
18
5485
5488
7252
5461
40
5495
140
148
170
8225
5509
5487
29
50
147
41
5534
8355
5471
5467
5521
5532
5548
5469
5544
5464
5466
5468
5480
5478
5489
5531
5465
5546
5547
5510
5470
5490
8239
8240
2549
7368
5572
1036
1032
1035
1028
5692
1141
5693
7424
7976
5695
6773
6198
68
54
4239
4238
7114
7108
6717
7111
5449
5448
5442
5445
7161
6713
6767
7199
2632
2568
2622
8259
8247
8258
8256
2630
2772
6056
6058
5506
5516
5499
5539
5503
8217
5840
7962
6783
637
4350
4326
11
12
15
6789
5492
5502
75
152
128
5543
8241
2518
8243
11229
1033
11290
139
4244
145
206
6729
8628
5446
5444
5438
5504
7253
5473
5474
5498
5482
7369
7374
1040
10
5535
5522
66
19
13
14
17
35
20
22
23
25
26
38
39
42
43
44
46
47
51
52
53
57
59
64
131
134
137
138
74
76
81
82
83
84
86
88
89
92
93
95
96
97
98
101
102
103
104
107
110
114
123
124
129
130
261
265
271
272
274
278
142
150
151
157
158
159
163
165
171
185
186
191
194
195
197
201
203
204
205
207
208
212
213
214
215
217
218
219
226
227
228
229
232
241
242
250
254
255
256
257
258
259
518
524
525
526
528
539
543
544
545
546
549
550
551
553
554
555
556
279
281
282
283
284
285
288
289
292
294
297
300
301
303
305
306
307
308
311
312
313
314
315
316
317
318
319
320
322
323
324
325
326
327
328
329
330
331
332
333
334
335
336
343
354
357
358
359
360
361
363
365
366
367
368
369
370
372
375
376
377
378
379
380
381
383
384
385
386
387
388
389
390
391
392
394
395
396
397
398
399
401
402
403
404
405
406
407
408
409
411
412
414
417
418
419
420
422
423
424
425
426
427
431
434
436
440
443
444
445
447
449
450
451
452
454
456
457
459
461
463
464
466
470
471
474
475
476
477
479
480
482
483
484
485
486
487
489
493
496
500
501
504
505
506
509
510
511
512
513
516
1048
1049
1060
1067
1068
1069
1071
1076
1083
1085
1086
1087
1088
1089
1090
1091
1092
1093
1095
1096
1098
1099
1100
1101
1108
1123
1126
557
558
559
560
561
562
563
564
565
566
567
568
569
570
571
572
573
574
575
576
577
578
581
583
584
587
588
589
590
592
593
594
595
597
602
604
611
613
614
615
616
617
621
622
623
624
626
627
633
639
648
650
654
667
670
673
677
678
681
682
683
684
686
689
690
692
694
695
696
697
700
701
702
704
705
706
710
712
713
716
717
720
723
725
727
735
736
740
741
745
748
750
751
753
754
755
756
757
758
759
760
761
762
763
764
765
766
767
768
769
770
771
773
774
775
777
778
779
780
781
782
783
784
785
786
787
788
789
790
791
792
793
795
796
798
801
802
803
806
807
808
809
810
812
814
816
817
818
819
821
822
823
824
825
828
829
831
832
833
834
835
836
837
839
841
842
844
846
847
848
850
851
852
853
854
855
856
857
858
859
860
861
862
863
864
867
868
869
870
871
872
873
874
875
876
878
882
884
885
889
892
895
896
899
902
903
904
905
909
911
913
914
919
925
926
928
931
934
935
936
938
939
940
941
942
945
950
955
956
961
962
963
964
965
966
968
969
971
972
978
980
981
982
983
987
989
991
992
993
996
997
998
1000
1002
1003
1006
1007
1008
1009
1010
1011
1012
1014
1015
1017
1019
1021
1022
1023
1024
1025
1027
1029
1030
1034
1039
1041
1045
1046
1047
2125
2126
2127
2128
2130
2132
2133
2135
2138
2139
2141
2143
2144
2147
2148
2153
2154
2156
2158
2163
2168
2169
2171
2173
2174
2175
2178
2181
2182
2184
2185
2186
2187
2190
2193
2196
2197
2205
2208
2209
2210
2211
2213
2215
2216
2218
2220
2224
2225
2228
2229
2230
2232
2235
2236
2237
2239
2240
2241
2242
2245
2247
2250
2253
2260
2261
2263
2265
2267
2271
2273
2274
2277
2282
2283
2285
2289
2293
1129
1131
1133
1134
1135
1137
1139
1146
1148
1150
1151
1156
1158
1159
1160
1161
1163
1164
1167
1168
1170
1171
1172
1174
1178
1179
1181
1184
1185
1189
1192
1195
1199
1201
1204
1207
1210
1211
1215
1221
1224
1232
1233
1235
1237
1239
1241
1244
1245
1249
1254
1255
1256
1257
1258
1259
1260
1261
1263
1266
1267
1269
1271
1272
1275
1281
1282
1283
1284
1286
1287
1288
1290
1291
1292
1293
1294
1295
1296
1297
1298
1299
1300
1301
1302
1303
1305
1306
1307
1308
1310
1311
1312
1314
1315
1316
1317
1318
1319
1325
1326
1327
1328
1329
1331
1332
1333
1334
1336
1337
1338
1339
1340
1341
1342
1343
1345
1346
1347
1348
1349
1351
1355
1357
1358
1362
1363
1364
1365
1366
1368
1369
1370
1372
1373
1375
1377
1378
1379
1380
1381
1383
1384
1385
1387
1388
1389
1390
1391
1392
1393
1394
1395
1396
1397
1398
1400
1401
1402
1404
1406
1407
1410
1411
1413
1414
1419
1420
1421
1422
1424
1426
1427
1428
1429
1430
1431
1432
1433
1434
1436
1437
1440
1442
1443
1444
1445
1447
1449
1457
1466
1467
1471
1478
1481
1483
1484
1485
1487
1491
1492
1493
1496
1498
1499
1500
1502
1503
1504
1507
1513
1516
1518
1521
1522
1523
1527
1530
1532
1535
1537
1540
1541
1542
1543
1544
1547
1548
1549
1552
1554
1556
1559
1560
1564
1565
1566
1568
1570
1571
1572
1573
1574
1575
1576
1577
1578
1580
1581
1583
1585
1586
1589
1591
1592
1593
1595
1597
1598
1599
1600
1601
1603
1604
1607
1608
1615
1616
1618
1619
1620
1621
1622
1623
1624
1630
1631
1632
1635
1640
1641
1642
1643
1648
1650
1653
1660
1661
1664
1666
1667
1668
1669
1670
1671
1672
1673
1677
1680
1681
1683
1684
1686
1687
1690
1695
1697
1698
1702
1703
1705
1707
1708
1709
1710
1712
1713
1716
1718
1719
1731
1732
1733
1734
1736
1740
1744
1747
1748
1749
1750
1751
1753
1756
1757
1758
1763
1765
1766
1769
1770
1775
1777
1778
1781
1782
1784
1787
1788
1790
1791
1803
1805
1806
1809
1811
1823
1827
1832
1833
1841
1843
1844
1849
1857
1859
1860
1861
1862
1864
1868
1870
1872
1874
1875
1877
1878
1880
1882
1883
1886
1890
1891
1893
1894
1896
1898
1899
1900
1902
1906
1907
1911
1912
1913
1914
1915
1916
1917
1919
1920
1921
1924
1927
1928
1931
1933
1935
1936
1942
1945
1947
1954
1955
1964
1966
1973
1974
1976
1982
1998
2001
5920
5921
1999
2000
2002
5919
2003
2004
2008
2010
2013
2016
2019
2020
2021
2022
2026
2027
2032
2033
2036
2038
2039
2040
2043
2044
2049
2052
2054
2055
2056
2058
2063
2065
2070
2071
2073
2077
2078
2079
2080
2083
2085
2088
2091
2092
2098
2099
2100
2101
2102
2105
2107
2108
2111
2112
2113
2118
2119
2120
2122
4370
4372
4376
4379
4382
4383
4387
4390
5405
5406
5408
5413
5426
5427
5439
8208
5441
5450
5452
5453
5456
5458
5459
5460
5462
5483
5484
5486
5493
5494
5500
4106
5505
5513
5517
5518
5519
5525
5528
5530
5536
5537
5540
5541
5542
5549
5551
5558
5559
5560
5561
5565
5570
5573
5578
5579
5590
5592
5598
5602
5603
5605
5606
5607
5608
5609
5610
5611
5614
5615
5616
5617
5618
5619
5620
5621
5622
5623
5624
5625
5626
5627
5628
5629
5631
5634
5635
5636
5639
5640
5642
5645
6779
7634
5644
5646
5647
5648
5649
5650
5651
5654
5657
5662
5663
5664
5669
5676
5677
5678
5679
5681
5682
5683
5684
5685
5689
5690
2300
2301
2302
2303
2306
2309
2314
2315
2317
2318
2319
2320
2321
2323
2325
2329
2338
2339
2342
2343
2348
2350
2351
2353
2354
2355
2358
2360
2364
2366
2367
2371
2375
2376
2377
2379
2383
2385
2386
2389
2391
2392
2393
2394
2395
2396
2405
2406
2407
2408
2410
2411
2414
2415
2421
2428
2435
2436
2437
2438
2444
2445
2446
2447
2448
2449
2450
2451
2453
2457
2459
2462
2463
2464
2465
2466
2468
2472
2473
2475
2478
2479
2481
2482
2483
2484
2485
2486
2493
2494
2498
2499
2500
2502
2503
2504
2505
2506
2511
2514
2515
2516
2519
2520
2527
2529
2530
2532
2534
2536
2540
2542
2546
2552
2553
2558
2561
2563
2565
2567
2571
2573
2574
2579
2580
2583
2585
2589
2592
2593
2594
2598
2600
2601
2605
2606
2614
2620
2625
2626
2627
2636
2639
2640
2643
2644
2646
2648
2652
2653
2654
2655
2659
2660
2661
2663
2666
2668
2669
2674
2675
2676
2677
2679
2681
2682
2684
2685
2686
2687
2689
2691
2692
2694
2695
2696
2700
2701
2702
2703
2704
2707
2720
2723
2727
2730
2735
2736
2737
2740
2744
2754
2758
2760
2763
2765
2766
2770
2775
2776
2777
2778
2780
2782
2783
2784
2790
2791
2794
2795
2797
2799
2800
2803
2805
2810
2813
2814
2817
2818
2819
2820
2823
2826
2827
2828
2829
2831
2832
2834
2836
2837
2838
2839
2840
2841
2842
2843
2845
2847
2855
2857
2859
2862
2863
2865
2866
2867
2871
2872
2873
2876
2886
2887
2905
2906
2909
2929
2950
2951
2953
2977
2978
2984
2986
2995
2998
3004
3005
3006
3011
3013
3014
3016
3021
3025
3026
3027
3028
3029
3033
3036
3037
3041
3044
3045
3048
3049
3051
3052
3053
3054
3056
3058
3059
3060
3062
3064
3065
3067
3070
3075
3078
3082
3083
3086
3087
3088
3090
3091
3095
3096
3099
3102
3106
3107
3108
3109
3111
3113
3117
3119
3124
3128
3132
3133
3138
3139
3140
3141
3145
3147
3148
3149
3150
3151
3154
3158
3159
3162
3165
3166
3167
3169
3171
3172
3175
3176
3178
3185
3187
3188
3197
3198
3200
3207
3208
3211
3214
3220
3221
3226
3227
3228
3229
3230
3233
3234
3238
3252
3274
3276
3277
3278
3279
3280
3281
3291
3292
3295
3297
3301
3306
3309
3311
3312
3313
3314
3315
3317
3335
3338
3340
3343
3344
3350
3352
3354
3357
3360
3407
3412
3416
3418
3419
3421
3422
3424
3425
3427
3431
3432
3433
3434
3435
3436
3438
3439
3440
3441
3443
3444
3449
3450
3451
3452
3455
3464
3466
3468
3470
3471
3474
3475
3476
3477
3478
3479
3480
3481
3482
3483
3485
3487
3489
3490
3496
3499
3500
3501
3503
3505
3506
3507
3508
3509
3510
3511
3512
3516
3518
3519
3521
3522
3523
3525
3526
3530
3532
3534
3537
3538
3539
3540
3541
3547
3548
3549
3551
3552
3553
3554
3555
3556
3557
3562
3563
3565
3567
3568
3569
3572
3573
3574
3575
3579
3581
3583
3586
3587
3588
3590
3592
3593
3594
3595
3600
3601
3603
3605
3606
3607
3614
3616
3618
3619
3623
3625
3629
3631
3632
3634
3635
3637
3638
3639
3640
3643
3647
3648
3649
3651
3654
3655
3656
3657
3662
3663
3666
3667
3668
3669
3672
3677
3679
3683
3684
3686
3688
3692
3695
3699
3702
3703
3706
3707
3709
3716
3721
3723
3725
3726
5731
7083
7082
3727
3733
3735
3737
3740
3741
3742
3746
3750
3755
3756
3757
3758
3760
3761
3762
3763
3765
3766
3767
3768
3769
3772
3773
3776
3778
3779
3780
3781
3783
3785
3786
3787
3788
3789
3791
3792
3795
3798
3799
3800
3801
3802
3803
3809
3810
3812
3813
3814
3815
3818
3821
3822
3823
3827
3828
3831
3833
3834
3835
3836
3837
3841
3842
3844
3847
3850
3853
3860
7195
7196
6134
3866
3868
3869
3870
3871
3874
3882
3883
3884
3887
3888
3889
3891
3892
3893
3895
3897
3899
3900
3907
3909
3915
3921
3922
3923
3935
3952
3954
3955
3957
3960
3962
3963
3966
3969
3982
3985
3991
3993
3996
4004
4005
4031
4060
4065
4066
4071
4073
4080
4084
4094
4096
4102
4104
4107
4121
4136
4137
4138
4139
4146
4151
4152
4165
4170
4171
4172
4173
4174
4175
4177
4178
4179
4180
4182
4184
4185
4186
4187
4207
4208
4213
4220
4221
4222
4223
4224
4225
4226
4227
4228
4229
4230
4231
4236
4253
4254
4257
4262
4268
4270
4272
4275
4280
4289
4290
4293
4295
4298
4299
4303
4307
4313
4316
4321
4333
4340
4342
4343
4351
4360
5698
5700
5704
5705
5706
5707
5708
5710
5717
5743
5745
5752
5755
5764
5782
5783
5786
5788
5789
5790
5791
5792
5795
5797
5803
5806
5808
5812
5813
5814
5831
5833
5834
5835
5836
5838
5839
5841
5843
5845
5849
5850
5851
5852
5853
5856
5858
5860
5863
5866
5868
5870
5871
5872
5876
5879
5880
5881
5882
5887
5888
5907
5913
5922
5926
5929
5938
5944
5945
5946
5947
5948
5950
5953
5982
5986
5989
5990
5991
5992
5993
5995
6002
6004
6009
6010
6011
6014
6017
6020
6027
6028
6029
6030
6031
6032
6033
6041
6042
6043
6044
6048
6049
6050
6057
6059
6060
6061
6062
6065
6068
6070
6071
6074
6075
6076
6077
6078
6081
6082
6091
6097
6099
6100
6101
6102
6104
6107
6108
6112
6113
6115
6116
6117
6120
6123
6126
6128
6136
6144
6145
6155
6158
6161
6163
6167
6170
6171
6175
6177
6181
6196
6199
6200
6201
6202
6203
6205
6206
6207
6208
6210
6211
6213
6214
6221
6224
6226
6227
6228
6229
6230
6232
6233
6234
6236
6239
6244
6246
6247
6250
6251
6252
6254
6257
6259
6261
6263
6273
6274
6275
6277
6279
6280
6282
6283
6284
6288
6290
6291
6292
6293
6299
6305
6306
6308
6313
6323
6326
6327
6328
6330
6331
6332
6335
6336
6339
6340
6362
6364
6369
6389
6405
6415
6419
6420
6421
6422
6423
6424
6425
6431
6445
6446
6447
6450
6454
6455
6458
6464
6465
6467
6478
6479
6481
6482
6483
6487
6489
6494
6497
6499
6500
6506
6511
6519
6520
6522
6726
6736
6745
6746
6751
6754
6759
6761
6762
6764
6774
6785
6786
6787
6791
6797
6798
6799
6805
6806
6807
6808
6809
6816
6819
6823
6824
6826
6829
6830
6832
6833
6834
6838
6840
6841
6843
6844
6845
6849
6853
6855
6859
6860
6862
6866
6867
6868
6870
6871
6873
6876
6877
6878
6886
6887
6894
6896
6897
6898
6899
6905
6906
6907
6908
6909
6910
6911
6914
6915
6917
6918
6922
6927
6928
6929
6930
6931
6932
6934
6935
6936
6937
6939
6947
6948
6950
6951
6952
6956
6961
6964
6967
6968
6973
6975
6984
6985
6986
6990
6991
6993
6994
6995
6996
6997
6998
6999
7000
7009
7010
7011
7012
7013
7014
7015
7016
7017
7019
7020
7021
7022
7023
7025
7026
7027
7030
7033
7035
7036
7037
7042
7046
7047
7048
7052
7053
7058
7060
7061
7063
7069
7072
7075
7077
7079
7080
7085
7086
7089
7101
7103
7106
7120
7123
7125
7126
7129
7130
7131
7134
7140
7143
7198
7204
7210
7217
7221
7222
7226
7229
7230
7233
7235
7244
7245
7251
7254
7256
7259
7260
7261
7262
7263
7264
7265
7267
7268
7269
7272
7273
7274
7278
7280
7291
7292
7293
7294
7295
7296
7297
7301
7302
7307
7309
7311
7312
7320
7323
7324
7325
7326
7327
7330
7331
7332
7333
7334
7335
7336
7337
7338
7339
7340
7341
7343
7346
7347
7348
7349
7350
7351
7352
7353
7354
7357
7360
7361
7362
7363
7371
7377
7378
7379
7381
7396
7397
7406
7408
7409
7411
7412
7413
7414
7415
7416
7418
7419
7420
7421
7422
7423
7426
7427
7428
7429
7432
7437
7442
7443
7446
7448
7449
7451
7452
7454
7455
7458
7461
7464
7465
7466
7467
7468
7469
7472
7473
7474
7475
7476
7480
7481
7483
7484
7485
7486
7487
7488
7489
7492
7494
7495
7496
7497
7498
7499
7500
7501
7510
7511
7513
7514
7516
7517
7518
7521
7522
7523
7531
7533
7536
7538
7542
7544
7548
7549
7550
7551
7552
7556
7557
7559
7560
7564
7565
7566
7569
7570
7571
7572
7573
7574
7575
7576
7578
7580
7581
7582
7583
7586
7587
7588
7589
7590
7591
7592
7593
7594
7595
7596
7597
7598
7599
7600
7601
7610
7611
7615
7619
7620
7621
7622
7627
7629
7630
7633
7642
7646
7647
7648
7649
7650
7651
7652
7653
7654
7655
7656
7658
7659
7660
7662
7663
7670
7671
7673
7674
7675
7683
7684
7685
7686
7690
7691
7692
7693
7694
7700
7701
7702
7703
7704
7710
7711
7712
7714
7716
7717
7720
7721
7722
7723
7724
7725
7726
7727
7728
7729
7730
7731
7732
7738
7766
7767
7768
7769
7772
7773
7775
7776
7777
7778
7780
7782
7787
7792
7800
7804
7805
7806
7809
7810
7811
7812
7813
7814
7815
7816
7817
7818
7820
7822
7826
7827
7828
7830
7831
7834
7835
7836
7837
7838
7839
7840
7841
7846
7847
7848
7849
7853
7854
7855
7856
7857
7859
7861
7867
7868
7869
7870
7871
7872
7875
7879
7880
7885
7886
7888
7889
7892
7893
7902
7903
7904
7905
7906
7907
7908
7909
7910
7911
7912
7913
7918
7924
7925
7928
7929
7930
7931
7933
7935
7936
7938
7939
7941
7946
7947
7948
7963
7978
7979
7980
7981
7982
7983
7984
7985
7986
7990
7991
7998
7999
8000
8005
8006
8007
8029
8030
8031
8032
8033
8034
8035
8038
8039
8042
8050
8051
8052
8053
8054
8055
8062
8063
8069
8070
8075
8077
8079
8080
8083
8084
8085
8086
8087
8088
8089
8090
8091
8092
8093
8094
8095
8096
8097
8098
8099
8100
8101
8102
8103
8104
8105
8106
8107
8108
8109
8110
8111
8112
8113
8114
8115
8116
8117
8118
8119
8120
8121
8122
8123
8124
8126
8127
8130
8133
8134
8135
8136
8137
8138
8139
8140
8141
8142
8143
8146
8147
8148
8149
8152
8156
8162
8165
8177
8178
8179
8181
8182
8187
8188
8189
8192
8194
8195
8215
8216
8218
8219
8220
8221
8224
8228
8229
8230
8233
8234
8236
8245
8246
8248
8249
8250
8252
8253
8254
8255
8257
8260
8265
8267
8273
8274
8276
8277
8278
8280
8281
8282
8283
8284
8285
8286
8287
8288
8289
8290
8291
8292
8293
8294
8295
8296
8297
8298
8299
8300
8302
8303
8305
8306
8308
8312
8313
8318
8319
8320
8321
8322
8323
8328
8331
8332
8333
8334
8335
8336
8337
8340
8341
8342
8343
8344
8347
8348
8349
8350
8351
8352
8353
8354
8356
8357
8358
8359
8360
8361
8362
8363
8364
8365
8366
8367
8379
8380
8394
8395
8397
8403
8404
8405
8406
8409
8410
8412
8419
8423
8426
8427
8430
8431
8432
8435
8438
8442
8443
8445
8446
8459
8460
8461
8462
8467
8468
8469
8472
8473
8474
8475
8476
8477
8480
8482
8493
8494
8495
8496
8497
8499
8500
8501
8502
8503
8504
8505
8506
8507
8508
8509
8510
8511
8512
8513
8514
8515
8516
8517
8519
8520
8524
8526
8528
8532
8538
8542
8544
8545
8548
8550
8553
8555
8556
8559
8560
8565
8577
8593
8601
8603
8604
8606
8608
8609
8610
8611
8612
8613
8614
8615
8616
8617
8618
8619
8620
8621
8622
8623
8624
8625
8626
8627
8631
8632
8633
8634
8639
8641
8644
8646
8648
8653
8654
8655
8658
8660
8661
8663
8664
8665
8666
8667
8669
8670
8671
8681
8682
8683
8684
8689
8690
8691
8692
8693
8694
8695
8696
8698
8700
8701
8702
8703
8706
8707
8708
8709
8710
8711
8712
8713
8714
8715
8717
8718
8721
8722
8723
8742
8743
8744
8745
8746
8747
8750
8751
8752
8759
8761
8762
8763
8771
8772
8773
8776
8777
8779
8780
8784
8785
8789
8790
8792
8793
8796
8798
8801
8802
8804
8808
8809
8811
8812
8813
8815
8816
8820
8821
8822
8823
8824
8825
8830
8831
8833
8834
8835
8838
8839
8840
8846
8847
8848
8850
8853
8854
8855
8859
8860
8861
8862
8864
8866
8867
8868
8869
8870
8871
8872
8873
8874
8875
8877
8880
8888
8889
8890
8893
8894
8918
8925
8926
8927
8928
8931
8932
8933
8935
8943
8946
8948
8950
8951
8952
8953
8954
8958
8963
8965
8966
8967
8968
8969
8971
8972
8974
8975
8980
8982
8983
8984
8985
8989
8994
8995
8996
8998
9001
9002
9004
9006
9008
9042
9048
9053
9054
9062
9065
9066
9068
9071
9075
9076
9079
9088
9089
9091
9093
9095
9096
9100
9102
9103
9104
9120
9123
9124
9125
9126
9127
9129
9132
9134
9136
9137
9138
9139
9140
9141
9146
9147
9148
9149
9156
9162
9163
9164
9175
9178
9179
9182
9183
9184
9185
9186
9187
9188
9189
9190
9191
9193
9199
9205
9207
9215
9218
9225
9226
9227
9228
9232
9233
9236
9237
9238
9239
9240
9241
9243
9244
9245
9247
9248
9249
9251
9252
9253
9255
9276
9277
9290
9305
9308
9317
9348
9371
9372
9373
9374
9376
9377
9378
9379
9380
9387
9388
9390
9391
9392
9393
9394
9395
9396
9397
9399
9400
9402
9403
9406
9407
9408
9409
9411
9412
9413
9414
9415
9416
9417
9418
9419
9428
9429
9447
9448
9450
9474
9475
9481
9484
9488
9492
9500
9511
9521
9528
9532
9533
9542
9544
9545
9546
9547
9746
9749
9751
9753
9754
9759
9760
9761
9763
9766
9769
9770
9772
9773
9776
9777
9778
9779
9780
9781
9782
9783
9784
9786
9787
9788
9789
9790
9791
9792
9793
9794
9795
9796
9797
9798
9799
9800
9805
9806
9808
9818
9819
9820
9821
9825
9830
9831
9832
9847
9850
9853
9854
9857
9860
9861
9862
9863
9864
9866
9868
9872
9873
9874
9875
9886
9890
9891
9892
9897
9899
9901
9902
9935
9937
9938
9939
9942
9943
10017
10057
10061
10062
10069
10080
10089
10096
10102
10103
10104
10105
10106
10107
10110
10114
10116
10117
10121
10122
10123
10128
10129
10130
10131
10132
10133
10134
10135
10137
10138
10139
10140
10141
10142
10144
10145
10148
10149
10151
10154
10155
10156
10157
10158
10161
10162
10163
10164
10165
10166
10169
10171
10173
10178
10184
10185
10186
10209
10295
10360
10363
10370
10371
10378
10544
10545
10611
10617
10618
10723
10744
10745
10746
10747
10748
10750
10751
10752
10753
10776
10794
10800
10802
10803
10804
10831
10934
10937
10938
10939
10942
10943
10949
10951
10952
11004
11005
11008
11009
11010
11011
11012
11017
11018
11019
11020
11021
11022
11030
11031
11032
11035
11038
11048
11049
11053
11054
11055
11067
11068
11069
11070
11071
11072
11073
11074
11075
11076
11077
11078
11079
11080
11081
11082
11084
11086
11087
11088
11089
11090
11091
11092
11093
11094
11095
11096
11097
11098
11099
11100
11101
11102
11103
11110
11111
11127
11129
11131
11132
11133
11134
11139
11140
11141
11142
11143
11144
11145
11146
11153
11170
11175
11176
11177
11178
11179
11180
11181
11182
11193
11194
11195
11198
11199
11200
11201
11202
11203
11204
11205
11206
11207
11208
11209
11210
11211
11212
11243
11255
11268
11269
11270
11272
11273
11274
11277
11288
11291
11292
11293
11295
11299
11312
11328
11331
11332
11352
11353
11354
11355
11356
11357
11386
11389
11401
11406
11407
11431
11433
11438
11452
11479
11499
11524
11545
11583
11638
11644
11648
11649
11658
11673
11684
11685
11700
11702
11713
11714
11717
11718
11719
11720
11721
11722
11735
11737
11738
11739
11740
11742
11743
11744
11745
11747
11748
11749
11750
11751
11752
11753
11754
11755
11756
11757
11758
11759
11760
11761
11762
11763
11764
11765
11766
11767
11768
11769
11770
11771
11772
11773
11774
11775
11776
11777
11778
11779
11780
11781
11782
11783
11784
11785
11786
11787
11788
11789
11790
11791
11792
11793
11794
11795
11796
11797
11798
11799
11800
11801
11802
11803
11804
11805
11806
11807
11808
11809
11810
11811
11812
11813
11814
11815
11816
11817
11818
11819
11820
11821
11822
11823
11824
11825
11826
11827
11828
11829
11830
11831
11832
11833
11834
11835
11836
11837
11838
11839
11840
11841
11842
11843
11844
11845
11846
11847
11848
11849
11850
11851
11852
11853
11854
11855
11856
11857
11858
11859
11860
11861
11862
11863
11864
11865
11866
11867
11868
11869
11870
11871
11872
11873
11874
11875
11876
11877
11878
11879
11880
11881
11882
11883
11884
11885
11886
11887
11888
11889
11890
11891
11892
11893
11894
11895
11896
11897
11898
11899
11900
11901
11902
11903
11904
11905
11906
11907
11908
11909
11910
11911
11912
11913
11914
11915
11916
11917
11918
11919
11920
11921
11923
11924
11925
11926
11927
11928
11929
11930
11931
11932
11933
11934
11935
11936
11937
11938
11939
11940
11941
11942
11943
11944
11945
11946
11947
11948
11949
11950
11951
11952
11953
11954
11955
11956
11957
11958
11959
11960
11961
11962
11963
11964
11965
11966
11967
11968
11969
11970
11971
11972
11973
11974
11975
11976
11977
11978
11979
11980
11981
11982
11983
11984
11985
11986
11987
11988
11989
11990
11991
11992
11993
11994
11995
11996
11997
11998
11999
12000
12001
12002
12003
12004
12005
12006
12007
12008
12009
12010
12011
12012
12013
12014
12015
12016
12017
12018
12019
12020
12021
12022
12023
12024
12025
12026
12027
12028
12029
12030
12031
12032
12033
12034
12035
12036
12037
12038
12039
12040
12041
12042
12043
12044
12045
12046
12047
12048
12049
12050
12051
12052
12053
12054
12055
12056
12057
12058
12059
12069
12087
12090
12096
12104
12106
12109
12110
12133
12163
12165
12172
12182
12183
12185
12217
12218
12219
12310
12311
12340
12360
12361
12391
12392
12444
12445
12469
12470
12528
12618
12619
12640
12672
12673
12675
12676
12796
12844
12856
12873
12918
12919
12921
12931
12941
12945
12946
12948
12950
12951
12957
12958
12961
12979
12980
12984
12987
13004
13006
13009
13011
13016
13018
13019
13020
13022
13023
13032
13066
13069
13072
13074
13075
13077
13078
13079
13080
13097
13098
13106
13112
13114
13120
13121
13123
13124
13126
13127
13130
13131
13135
13137
13138
13139
13142
13144
13154
13155
13156
13158
13176
13177
13180
13183
13188
13189
13192
13193
13199
13209
13210
13211
13212
13214
13215
13227
13229
13230
13233
13243
13248
13249
13257
13260
13263
13265
13266
13267
13268
13269
13271
13306
13307
13309
13311
13315
13334
13335
13336
13339
13341
13342
13344
13346
13347
13354
13355
13356
13357
13358
13359
13360
13361
13363
13364
13365
13366
13367
13368
13369
13370
13371
13372
13373
13374
13375
13377
13378
13379
13380
13381
13382
13383
13384
13385
13386
13387
13388
13389
13390
13397
13398
13399
13400
13401
13402
13403
13404
13405
13411
13412
13415
13416
13421
13422
13423
13424
13425
13426
13427
13428
13429
13430
13431
13432
13433
13435
13436
13437
13438
13439
13447
13448
13451
13452
13453
13454
13455
13456
13457
13458
13460
13463
13465
13466
13467
13468
13469
13470
13471
13472
13473
13474
13476
13477
13478
13479
13480
13481
13482
13483
13485
13487
13488
13489
13490
13491
13492
13493
13494
13496
13497
13498
13499
13500
13502
13511
13513
13514
13520
13521
13525
13529
13530
13532
13535
13538
13540
13543
13544
13545
13546
13548
13550
13551
13552
13553
13561
13562
13564
13566
13572
13573
13575
13580
13581
13583
13584
13592
13593
13595
13597
13598
13599
13600
13601
13602
13606
13607
13608
13609
13610
13621
13622
13623
13624
13625
13626
13627
13628
13629
13630
13631
13632
13635
13636
13642
13643
13647
13648
13649
13668
13669
13671
13677
13681
13683
13684
13687
13694
13695
13696
13707
13711
13712
13713
13714
13715
13716
13717
13718
13719
13720
13721
13722
13723
13724
13725
13726
13735
13752
13754
13756
13757
13758
13759
13760
13762
13763
13765
13771
13772
13773
13777
13792
13793
13802
13803
13805
13808
13821
13829
13830
13880
13881
13891
14086
14087
14088
14089
14090
14091
14092
14093
14095
14096
14097
14098
14099
14100
14101
14102
14103
14104
14105
14106
14107
14108
14109
14110
